0.534059
1.06812
1.60218
2.12463
2.64707
3.16952
3.69197
4.21442
4.73687
5.25932
5.78177
6.29261
6.81506
7.33751
7.85995
8.3824
8.89324
9.41569
9.93814
10.4606
10.983
11.5055
12.0279
12.5504
13.0728
13.5953
14.1177
14.6402
15.1626
15.6851
16.2075
16.7184
17.2408
17.7633
18.2973
18.8082
19.3306
19.8531
20.3755
20.898
21.4204
21.9429
22.4653
22.9878
23.4986
24.021
24.5435
25.0776
25.6116
26.1341
26.6565
27.179
27.7014
28.2239
28.7463
29.2688
29.7912
30.3137
30.8361
31.3469
31.8694
32.3918
32.9143
33.4367
33.9476
34.47
34.9925
35.5033
36.0374
36.5598
37.0823
37.5931
38.1272
38.638
39.1605
39.6829
40.2053
40.7278
41.2502
41.7727
42.2951
42.8176
43.3284
43.8509
44.3733
44.8958
45.4182
45.9407
46.4631
46.9856
47.508
48.0189
48.5529
49.0754
49.5978
50.1203
50.6427
51.1652
51.6876
52.2101
52.7325
53.255
53.7774
54.2999
54.8223
55.3332
55.8672
56.378
56.9005
57.4229
57.9454
58.4678
58.9787
59.5011
60.0236
60.546
61.0685
61.5909
62.1134
62.6358
63.1583
63.6691
64.1916
64.714
65.2481
65.7589
66.293
66.8038
67.3379
67.8487
68.3712
68.8936
69.4277
69.9385
70.461
70.9834
71.5059
72.0283
72.5508
73.0732
73.5956
74.1181
74.6405
75.163
75.6854
76.2079
76.7187
77.2412
77.7636
78.2861
78.8085
79.331
79.8534
80.3759
80.8983
81.4208
81.9432
82.4657
82.9881
83.5106
84.033
84.5555
85.0779
85.6004
86.1228
86.6337
87.1561
87.6786
88.2126
88.7234
89.2459
89.7683
90.2908
90.8132
91.3357
91.8581
92.369
92.8914
93.4139
93.9363
94.4588
94.9812
95.5037
96.0261
96.5486
97.071
97.5935
98.1159
98.6384
99.1608
99.6833
100.206
100.728
101.251
101.773
102.284
102.818
103.329
103.863
104.374
104.908
105.419
105.953
106.463
106.986
107.508
108.031
108.553
109.076
109.598
110.121
110.643
111.166
111.688
112.199
112.733
113.255
113.778
114.289
114.811
115.334
115.856
116.378
116.901
117.423
117.946
118.468
118.991
119.513
120.036
120.558
121.08
121.603
122.114
122.648
123.159
123.681
124.204
124.726
125.248
125.782
126.293
126.816
127.338
127.849
128.383
128.894
129.416
129.939
130.461
130.984
131.506
132.029
132.551
133.074
133.596
134.118
134.641
135.163
135.686
136.208
136.731
137.253
137.764
138.298
138.82
139.343
139.854
140.376
140.899
141.421
141.944
142.454
142.977
143.499
144.022
144.544
145.067
145.589
146.112
146.634
147.156
147.679
148.201
148.724
149.246
149.769
150.291
150.814
151.336
151.859
152.381
152.903
153.426
153.948
154.459
154.993
155.516
156.038
156.549
157.083
157.594
158.116
158.639
159.173
159.684
160.206
160.729
161.251
161.773
162.296
162.818
163.341
163.863
164.386
164.908
165.431
165.953
166.464
166.986
167.509
168.031
168.554
169.076
169.599
170.109
170.643
171.154
171.688
172.211
172.733
173.244
173.778
174.289
174.823
175.322
175.833
176.356
176.901
177.447
178.004
178.55
179.096
179.653
180.21
