0.452789
0.940408
1.40481
1.89243
2.36844
2.84444
3.32045
3.79646
4.27247
4.74848
5.21288
5.7005
6.1649
6.65252
7.14014
7.61615
8.09215
8.55655
9.03256
9.50857
9.98458
10.4606
10.925
11.4126
11.877
12.3646
12.8522
13.3283
13.8043
14.2687
14.7563
15.2207
15.6967
16.1727
16.6487
17.1247
17.6007
18.0883
18.5527
19.0404
19.5048
19.9924
20.4568
20.9444
21.4204
21.8964
22.3724
22.8484
23.3128
23.8005
24.2765
24.7525
25.2285
25.7045
26.1805
26.6565
27.1325
27.6085
28.0845
28.5605
29.0366
29.5126
29.9886
30.4646
30.9406
31.4166
31.8926
32.3686
32.8446
33.3206
33.7966
34.2727
34.7487
35.2247
35.7007
36.1767
36.6527
37.1287
37.6047
38.0807
38.5567
39.0327
39.5088
39.9848
40.4608
40.9368
41.4128
41.8888
42.3648
42.8408
43.3168
43.7928
44.2688
44.7449
45.2209
45.6969
46.1729
46.6489
47.1249
47.6125
48.0769
48.5645
49.0289
49.5166
49.981
50.457
50.933
51.4206
51.885
52.3726
52.837
53.3246
53.789
54.2766
54.741
55.2287
55.7047
56.1807
56.6451
57.1327
57.6087
58.0847
58.5607
59.0367
59.5127
59.9888
60.4648
60.9408
61.4168
61.8928
62.3688
62.8448
63.3208
63.7968
64.2728
64.7488
65.2249
65.7009
66.1769
66.6529
67.1289
67.6049
68.0809
68.5569
69.0329
69.5089
69.9849
70.461
70.937
71.413
71.889
72.365
72.841
73.317
73.793
74.269
74.745
75.2327
75.6971
76.1731
76.6491
77.1251
77.6011
78.0771
78.5531
79.0407
79.5051
79.9811
80.4571
80.9448
81.4208
81.8968
82.3728
82.8488
83.3132
83.8008
84.2652
84.7528
85.2288
85.7048
86.1809
86.6569
87.1329
87.6089
88.0849
88.5609
89.0369
89.5129
89.9889
90.4649
90.9409
91.417
91.893
92.369
92.845
93.321
93.797
94.273
94.749
95.225
95.701
96.177
96.6531
97.1291
97.6051
98.0811
98.5571
99.0331
99.5091
99.9851
100.461
100.937
101.413
101.889
102.365
102.841
103.317
103.793
104.269
104.745
105.221
105.697
106.173
106.649
107.125
107.601
108.077
108.565
109.041
109.517
109.981
110.469
110.933
111.421
111.885
112.373
112.837
113.325
113.789
114.277
114.741
115.229
115.693
116.181
116.657
117.133
117.597
118.085
118.561
119.037
119.513
119.989
120.465
120.941
121.417
121.893
122.369
122.845
123.321
123.797
124.273
124.749
125.225
125.701
126.177
126.653
127.129
127.605
128.081
128.557
129.033
129.509
129.985
130.461
130.937
131.413
131.889
132.365
132.841
133.317
133.793
134.269
134.745
135.221
135.697
136.173
136.649
137.125
137.601
138.077
138.553
139.029
139.505
139.993
140.458
140.945
141.41
141.897
142.373
142.849
143.325
143.801
144.266
144.753
145.218
145.705
146.181
146.657
147.133
147.609
148.085
148.561
149.037
149.513
149.989
150.477
150.941
151.417
151.882
152.369
152.845
153.321
153.797
154.273
154.749
155.225
155.701
156.177
156.653
157.129
157.605
158.081
158.557
159.033
159.509
159.985
160.461
160.938
161.414
161.89
162.366
162.842
163.318
163.794
164.27
164.746
165.222
165.698
166.174
166.65
167.126
167.602
168.078
168.565
169.03
169.517
169.993
170.469
170.934
171.41
171.886
172.373
172.838
173.325
173.79
174.277
174.742
175.229
175.694
176.181
176.646
177.133
177.609
178.085
178.55
179.037
179.513
179.989
180.465
180.941
181.417
181.894
182.37
182.846
183.322
183.798
184.274
184.75
185.226
185.702
186.178
186.654
187.13
187.606
188.082
188.558
189.034
189.51
189.997
190.473
190.949
191.414
191.901
192.366
192.842
193.318
193.794
194.27
194.746
195.222
195.709
196.185
196.661
197.137
197.613
198.089
198.565
199.041
199.517
199.993
200.469
200.945
201.421
201.898
202.374
202.85
203.326
203.802
204.278
204.754
205.241
205.717
206.193
206.669
207.145
207.621
208.086
208.562
209.038
209.514
209.99
210.466
210.942
211.418
211.894
212.358
212.834
213.322
213.798
214.274
214.75
215.226
215.702
216.178
216.654
217.13
217.606
218.082
218.558
219.034
219.51
219.986
220.462
220.938
221.414
221.89
222.366
222.842
223.318
223.794
224.27
224.746
225.222
225.698
226.174
226.662
227.149
227.614
228.09
228.566
229.03
229.506
229.982
230.47
230.946
231.422
231.886
232.374
232.838
233.314
233.79
234.278
234.742
235.23
235.694
236.182
236.646
237.134
237.598
238.086
238.562
239.038
239.502
239.99
240.466
240.942
241.418
241.894
242.37
242.846
243.322
243.798
244.274
244.75
245.226
245.702
246.178
246.654
247.13
247.606
248.082
248.558
249.034
249.51
249.986
250.462
250.938
251.414
251.89
252.366
252.842
253.318
253.794
254.27
254.746
255.222
255.698
256.174
256.65
257.126
257.602
258.078
258.554
259.042
259.518
259.994
260.47
260.946
261.422
261.898
262.374
262.85
263.326
263.802
264.29
264.754
265.23
265.706
266.194
266.67
267.134
267.622
268.086
268.562
269.038
269.514
269.99
270.466
270.942
271.418
271.894
272.37
272.846
273.322
273.81
274.286
274.762
275.226
275.714
276.178
276.666
277.142
277.618
278.094
278.57
279.046
279.522
279.986
280.474
280.95
281.414
281.902
282.378
282.854
283.33
283.806
284.282
284.758
285.234
285.71
286.186
286.662
287.138
287.614
288.09
288.566
289.042
