0.487619
1.05651
1.55574
2.12463
2.71673
3.32045
3.92417
4.51628
5.12
5.72372
6.31583
6.91955
7.52327
8.11537
8.71909
9.32281
9.92653
10.5302
11.1224
11.7261
12.3298
12.9219
13.5256
14.1293
14.7215
15.3252
15.9289
16.5326
17.1247
17.7284
18.3322
18.9243
19.528
20.1317
20.7238
21.3275
21.9196
22.5234
23.1271
23.7192
24.3229
24.9266
25.5303
26.1224
26.7262
27.3299
27.922
28.5257
29.1294
29.7215
30.3253
30.929
31.5327
32.1248
32.7285
33.3322
33.9244
34.5281
35.1202
35.7239
36.316
36.9313
37.5351
38.1272
38.7309
39.323
39.9151
40.5188
41.1225
41.7263
42.3184
42.9221
43.5258
44.1179
44.7216
45.3254
45.9291
46.5212
47.1249
47.717
48.3207
48.9244
49.5166
50.1203
50.724
51.3277
51.9198
52.5235
53.1273
53.7194
54.3231
54.9268
55.5189
56.1226
56.7147
57.3185
57.9222
58.5259
59.118
59.7217
60.3254
60.9175
61.5213
62.125
62.7287
63.3208
63.9245
64.5283
65.1204
65.7241
66.3162
66.9199
67.5236
68.1157
68.7195
69.3232
69.9153
70.519
71.1227
71.7148
72.3186
72.9223
73.526
74.1181
74.7218
75.3255
75.9176
76.5214
77.1251
77.7172
78.3209
78.9246
79.5167
80.1205
80.7242
81.3163
81.92
82.5237
83.1274
83.7195
84.3233
84.927
85.5191
86.1228
86.7265
87.3302
87.9224
88.5261
89.1182
89.7219
90.3256
90.9177
91.5214
92.1252
92.7173
93.321
93.9247
94.5168
95.1205
95.7243
96.3164
96.9201
97.5238
98.1159
98.7196
99.3234
99.9155
100.519
101.123
101.715
102.319
102.922
103.526
104.13
104.722
105.326
105.929
106.522
107.125
107.729
108.333
108.925
109.529
110.121
110.724
111.328
111.932
112.524
113.128
113.731
114.323
114.927
115.519
116.123
116.727
117.319
117.923
118.526
119.13
119.734
120.326
120.93
121.522
122.125
122.729
123.333
123.925
124.529
125.132
125.724
126.328
126.932
127.524
128.128
128.72
129.324
129.927
130.531
131.123
131.727
132.319
132.923
133.515
134.118
134.722
135.326
135.918
136.522
137.125
137.718
138.321
138.925
139.517
140.121
140.725
141.317
141.92
142.524
143.128
143.72
144.324
144.916
145.519
146.123
146.727
147.319
147.923
148.526
149.13
149.722
150.326
150.93
151.522
152.126
152.718
153.321
153.925
154.517
155.121
155.725
156.328
156.92
157.524
158.128
158.72
159.324
159.916
160.52
161.123
161.727
162.319
162.923
163.527
164.119
164.722
165.326
165.918
166.522
167.126
167.718
168.321
168.925
169.517
170.121
170.725
171.317
171.921
172.524
173.128
173.72
174.324
174.916
175.52
176.123
176.727
177.319
177.923
178.515
179.119
179.722
180.326
180.93
181.522
182.126
182.718
183.322
183.925
184.517
185.121
185.725
186.317
186.921
187.524
188.116
188.72
189.324
189.916
190.52
191.123
191.716
192.319
192.923
193.527
194.119
194.723
195.315
195.918
196.522
197.137
197.753
